thief
6099 481 394 510 452 96 100 100 92 92 84 64 92 72
1 1 1 1 1
lancer
8049 568 394 626 394 84 92 92 80 100 92 76 60 76
1 1 1 1 1
wolf
4829 440 284 320 324 69 82 80 93 55 70 60 50 50
1 1 1 1 1
warrior
9219 626 510 452 336 92 72 80 88 68 76 100 88 84
1 1 1 1 1
assassin
8049 539 481 336 481 96 96 96 100 64 100 80 64 76
1 1 1 1 1
archer
6879 452 365 568 539 100 80 84 76 96 88 80 100 68
1 1 1 1 1
paladin
9999 597 626 481 568 80 60 64 76 80 64 92 80 96
1 1 1 1 1
puppeteer
7659 394 568 597 626 68 76 76 84 92 60 76 96 100 
1 1 1 1 1
